# Created by Octave 4.2.1, Tue Apr 10 09:29:00 2018 GMT <unknown@unknown>
# name: bestTheta3
# type: matrix
# rows: 10
# columns: 21
 -0.5166706182558249 -1.431920656973862 0.808231898180488 -0.3119846346085581 -0.3869715741536539 -0.3591922010281814 -0.4549494585463993 0.7395818448518162 -0.5197162940849599 -1.138257194775942 0.3455661137445585 0.7909480162898231 -0.361221930162403 0.9648518088358383 -0.358064043770094 -0.3222318175738361 0.334092291396359 -0.7181839686749607 -0.4348984539791398 0.4236537039956622 0.8557426446015918
 -0.7433809279023397 0.8534054650927713 0.03546593309907837 -0.4855303904790015 -0.7797036465699969 -1.49126362087104 -0.4563039650496301 1.165476743397941 0.6348999193818518 0.8662571232767037 0.4287530638084569 0.7905476259617906 -0.5679921799937007 0.4443347910454659 -0.4612325529219107 -0.5138670531014502 0.5729130508191288 0.8950320352523058 -0.5514067083110713 0.5185315663716487 -0.3291854748761555
 -0.5887965740089079 -1.676868476493018 0.8826663508854268 -0.5079069817259382 0.2914393902232661 -0.8926128800219354 -0.4965524220289129 -0.8915673478439388 -0.05521466694496956 0.8571987682746198 0.3043719785149466 -0.7927532227423361 -0.372737587107592 0.5112177207617622 -0.4058104030454774 -0.4321074869553772 0.3941719934954411 0.7179420897949637 -0.4935205188204331 0.5061037843206427 -0.3825323527551771
 -0.6573720061815743 -0.2886407900012106 -1.263145206446402 -0.5499385509422072 1.24620239244679 1.080016026478779 -0.402830341733484 1.214328958174274 0.5639812690700567 -0.4922094147548123 0.4361109870715301 0.862480476085884 -0.4995091084924483 -0.5239149868235603 -0.4284890191282195 -0.4392833450182851 0.4229497990282675 -0.6589153734300089 -0.5216061481212192 0.5194636647613391 -0.4031376399953081
 -0.6349107969822435 0.7534062143876434 1.276620835077047 -0.5626494147604028 1.384424266071306 1.505881997664941 -0.4904309826534139 -0.4465417270547832 0.149750516970014 0.8406842457568081 0.5011133982825473 -0.3383780145443708 -0.578617736522522 -0.4282967423750045 -0.4804337621895389 -0.4830426027100425 0.4675087598390374 0.6186433918741566 -0.5776834237905351 0.5315253662668031 0.04878255034041289
 -0.648631597057204 0.2247169280608764 0.4812335019043197 -0.5102206472459099 -0.9148390665543951 1.295427563430111 -0.3327771488456585 0.8207972184326106 -1.618009066813588 0.9165894558101413 0.3212283080918042 0.8230507170806823 -0.5356790531069197 -0.6333800972148441 -0.4868538905214748 -0.4447229884021018 0.5207257573884634 -0.4692964780331753 -0.5101879406200287 0.4306830771853928 -0.189421561703784
 -0.618394596216999 0.8541167716132632 -0.6427202778877311 -0.4019860746892097 0.8394039952675157 -0.2018739745350574 -0.3764092742999237 -0.5193279857887745 -0.07010166760251275 -0.3415759460428032 0.4862430108441262 -0.8901444601050764 -0.3821478577357704 1.410034211051481 -0.2646191073274579 -0.4435384899505922 0.3973392165216028 -0.2859615582892022 -0.40917734067059 0.4730309985499489 1.672838182903268
 -0.8159080214376135 0.5561254832631395 0.9722454545952359 -0.5675890796053329 0.4091656715619022 -0.9184205303468337 -0.5238329788777144 -1.092433267578283 -0.3365743630545444 -1.239247595719173 0.4391604313348526 1.226654166513288 -0.6209620697403796 -0.5551972044647727 -0.5354247620557929 -0.5027184681752406 0.5202871511779764 1.146323672227836 -0.5926464281131101 0.5146724913709859 -0.6837902268527304
 -0.7590404950628156 -0.2079315127901599 -0.6625206964784963 -0.6029728849165839 0.4432884279217005 -1.12938196927567 -0.3935968411983852 -0.7354189779678403 -0.2088343914957689 -0.6596317230945098 0.512216008357445 -1.205536363853033 -0.5273227591193702 -1.243885845719582 -0.4507123894922411 -0.4734149897236025 0.4633181469295686 -1.304010699531343 -0.5558815895834603 0.5775550843412097 -1.075445776178462
 -0.6720567815255392 0.208230626237373 -1.444159288685406 -0.5706771601667783 -1.637363385961602 1.014825942266662 -0.3628923096228373 -0.6510161508004689 0.05475336692770238 0.775051334628579 0.458195490936205 -1.13778286942856 -0.5750119779765998 -0.3228677053646342 -0.5952471062537485 -0.5459117744811759 0.498159380088159 0.8801577581942595 -0.4767957418953451 0.4855809499050969 -0.1065122520078388


