# Created by Octave 4.2.1, Tue Apr 10 09:29:00 2018 GMT <unknown@unknown>
# name: bestTheta2
# type: matrix
# rows: 20
# columns: 41
 0.07306109008519066 0.5312726306667825 -0.3555493199709423 0.01450481920201877 0.02214686321297867 -0.03708915581405459 0.6216261079873765 0.6532326962312984 -0.05175016293120819 0.117031967583262 -0.129392999015209 0.06466086240581256 0.1598639422593337 -0.1493125863163258 1.012371571174332 0.1073184484934742 0.1197277363007112 0.1242624818305111 -0.2338081885400009 -0.1175117459336041 -0.1310374046635693 0.9644883692485067 -0.09913888964518044 2.028639622543214 -0.1969071763617753 0.5230413192944711 0.3375038401535269 -0.2497507251143357 0.01489397802861452 -0.05152250494274066 0.4156894546245976 0.7929502933599213 -0.436956859088181 0.06413860206661705 -0.2473419111998094 -0.03135804198000149 0.7329181791196323 0.1125482822284445 -0.1598651474613192 -0.5076957649393706 0.2812283610942997
 -0.03868486057192907 -0.9710694592320391 -0.08699553434129309 0.003971619295565077 1.101429767020461 0.6437888892100027 -0.5869492055691156 -0.3538199151436591 -1.636516259415776 -0.1153679283119116 0.08069396556227186 0.09249087629771989 -0.1225945406731323 0.06916819957900959 -0.9810244072034821 0.01175344332968827 1.110165675655852 -0.05699692659629305 -1.031328833420252 0.08282265659496423 0.1010100164123251 0.3353288771202761 0.6665767415616534 -0.7300802510260413 -1.843066875492865 -1.007612040498088 -0.7263335792060579 -0.1410958306960864 -0.06769444849169191 0.01809376732054143 0.6399752315963277 0.4950710904973067 1.272638100701936 -0.1081117998133592 0.198180576601229 -0.04055227644610581 -1.508095781708918 -0.03310105032020372 0.1160712950682874 -0.6576691423821777 -0.2443881031690214
 0.6907940186920897 -0.1806186436669314 0.3614573131128888 0.6743553271438896 0.3449237769033644 0.107263945706736 -0.3760897328188273 -0.1564578463917645 -0.445738824755066 0.6236206348165402 -0.6857364565738877 0.6733817318456797 0.6460867166725378 -0.6473038067582174 0.3850226030631758 0.6573402662793124 0.2202632490844475 0.6954515641737782 -0.5002350226484008 -0.6430826804158577 -0.6496047972133252 -0.1302816741667839 0.353434139025657 -0.03656316835769583 -0.5456246827093202 0.05891873267256587 0.2562242833091428 -0.1974333635683816 0.6700175716705281 -0.6372074406652056 0.2847029384266915 -0.1722356698679463 0.09687474738420505 0.6370679551594941 -0.5074248186804799 -0.6764361571844776 -0.07278847784453996 0.6207124198594732 -0.5890966237750248 0.153795575644185 0.5561976774828238
 0.04333241587223066 0.3270288602900726 0.9069496048696133 -0.00339168672119089 -2.079029555555094 1.601470932816762 0.4586790689051802 -0.9573064253811858 -1.737395308283201 -0.01476410382857041 0.04017024375904117 0.03285582157937057 0.01622501199404348 0.06875083630873244 -1.25715008066599 0.0121050161001829 1.750517435153093 0.06923793297018144 0.3698754721693582 0.01299469444292073 -0.03148705743889983 0.7439912361430964 -0.6646937646036256 0.7396604114443031 1.223206961621756 0.8804201721438404 0.3375684138521192 -0.04958096139462327 0.08851302059461372 0.06841191592972336 -1.06571946468799 0.008224871496754396 1.577124020455858 0.03162650714163735 -0.02866401963098376 0.1149027153982906 -0.240090344916386 -0.1194374919083949 0.03900431349813228 0.3878146829380731 0.1311221359247564
 -0.01637038137240035 -1.847025051557363 1.642619052442208 -0.07440328948125018 0.0874947675201028 0.07183411939201381 -0.6329938642753591 -0.2271359260453062 0.3990097874260508 0.09426121006079501 -0.0200464840232125 -0.1017564206344446 0.03629013510778811 -0.08987113792488191 -0.9308445269444044 0.07777141858825096 -0.9033409245307034 -0.02719876044559125 0.07644259312043314 -0.03009564141899854 -0.08428123715088598 1.460643573101585 -1.703526692359788 0.7013623828644774 -1.229436184136507 1.563322404609669 -0.8361616599370014 0.2957215729824793 -0.03075154342323807 -0.02340870811596057 -0.7823128562560967 1.455138053346758 -0.02979973531144972 0.005937870247190226 -0.009349590245880793 0.007558346481829987 0.6741070024675222 0.126096285794915 0.006741440601462884 0.4390773471697836 0.2829294311405188
 0.5220909612755259 -0.1307627596376529 0.4023645828471867 0.4223519297575349 0.2867740894655534 -0.07621882975441262 -0.2022321911895549 -0.003675932386588168 -0.1267669198358687 0.4713248676944291 -0.4335114236879451 0.4892369267706033 0.4368793600492157 -0.4986995326184176 0.3804342706023331 0.4854972966650438 -0.1269521207669175 0.4611518068232966 -0.2505722811298525 -0.496887731629357 -0.5197952728201547 0.1807221197768799 0.1554291676461492 0.1391913572375532 -0.3152201027293386 0.3033279003861734 0.08009309866106606 -0.0548921759015923 0.4002240737389849 -0.5139595802421101 0.007972747545529173 -0.1477287984841617 -0.2167796792639982 0.4119172811858127 -0.4549004031456481 -0.3637056838372781 0.2406157777522331 0.4216897647665235 -0.4527822305776388 0.2630651731214547 0.5020478574930581
 0.1506149250438322 -1.313761517812923 -0.2565641312492394 0.1918369480828832 0.2181600906975018 -0.6208086280738416 -0.2524842741029215 1.51044481106222 -0.3687540758265926 0.1424052339209539 -0.1746734209744532 0.1720106496635233 0.1514165172481379 -0.1115561007089177 0.553187367658179 0.2029513563509992 -0.2197434672145826 0.1595272253168117 1.37435622134191 -0.1744381017974772 -0.1127695398675667 -0.5242281549588366 -1.736920417549581 -0.4649204170309281 0.4566142896239804 0.2853789719966172 0.1724294928550335 -0.04382831625053289 0.00277038655778069 -0.1751211556987378 1.805841871840076 0.4796901085860892 -1.099722852993364 0.1840554214631484 -0.0163958901563797 -0.1767933201827049 0.01599530728291905 0.1036457422968342 -0.1130593063618851 0.7131556235233333 -0.03356690465894507
 0.09363265382855732 0.824323448529229 -0.1821781611927607 0.07211142408274618 -0.69343282155569 0.3353779713176203 0.02773503117795459 0.0850198843610623 -0.08967495468719275 0.07596640591821523 -0.1084891229560673 0.1708567402878482 0.1225019798313428 -0.1873026816902042 0.0342432022383861 0.1827363812988503 0.7269710638272266 0.1804890120594077 0.1111814117207984 -0.1453969518230488 -0.07856938503980146 -0.5638637000220277 -0.02363257178891479 0.1021167542023966 0.7803463332606921 0.4100628264597694 -0.3801641381781957 -0.08151753379631124 0.1130499820164499 -0.1242626767700321 -0.324551946621036 0.06472012620318772 0.2137062074666555 0.11343994287845 -0.1659565900274258 -0.1146044256306925 0.2478159022654743 0.06085225509017714 -0.102023180583852 -0.7536913141213347 0.1147738206378077
 0.1894633340467542 0.2066161868905098 0.5900810194643544 0.20310193761373 0.4275666550540526 -1.64050804643492 -0.1747341665182631 1.112178699285562 -0.002292661305497928 0.2052443724968624 -0.1105817436598679 0.04723493300312756 0.2063014365804423 -0.1640893914823993 -0.951119332931852 0.1256673743247332 -0.2301728819106323 0.1246020355644008 -0.1116908562729822 -0.2314596722735627 -0.1415129805639627 -0.6561076560674421 -0.05899580914291363 0.5101640939480737 -0.2577385145518121 0.5709274549332223 -2.183253740379116 0.5474002272821 0.1555164021694082 -0.2191780514379422 0.5180728205776994 0.5376196402382066 -0.9530231706798985 0.06610449555173237 -0.2848604087398212 -0.1826006605828173 0.04923149326660196 0.2507699452432932 -0.2169323459603832 -1.600867625565259 0.1405040549947846
